1
1.031
1.074302
1.13338861
1.197991761
1.250703398
1.290725907
1.370750913
1.521533514
1.659993063
1.756272661
1.870430384
2.012583093
2.240004983
2.542405655
2.804273438
2.978138391
3.07343882
3.205596689
3.32099817
3.384097135
3.505924632
3.649667542
3.824851584
4.031393569
4.200712099
4.326733462
4.456535466
4.572405388
4.700432739
4.841445721
4.952798973
5.032043756
5.142748719
5.317602175
5.466495036
5.553958957
5.681700013
5.835105913
6.033499514
6.226571499
6.400915501
6.64415029
6.617573689
6.723454868
6.938605423
7.084316137
7.190580879
7.305630173
7.312935803
7.408003969
